volume <-
c(351, 955, 662, 1203, 557, 460)
weight <-
c(250, 840, 550, 1360, 640, 420)
